tb-41191362974	1070,2056
tb-24313232023	00010029,1007,1017,1043
tb-20025547417	00010019,1019,1030,2019
tb-24316816037	1007,1023,2032,2050
tb-18065345859	00010016,00010030,1008,2028,2030
tb-20027191267	1003,1049,1051,1065,2028
tb-24314048138	1004,1019,1023,2052
tb-36330559798	00010001,1017,1039
tb-20024859613	00010013,1023,1029,1045,2022
tb-21574215848	1005,1013,1029,2024,2055
tb-20024239435	1010,1070,2015,2051,2054
tb-18067789156	1003,1051,2015,2051,2055
tb-24311372999	00010031,1001,1031,2007,2016
tb-24314988806	00010031,1028,1041,2015
tb-37459099013	00010024,1006,2048
tb-38040620840	1059,1066,2032
tb-18054090338	1058,2021,2026,2054
tb-45255382202	00010032,2026
tb-41442314156	1004,1052
tb-24314184030	1058,2017,2030,2042
tb-40178582306	1024,1042,2025
tb-18068033369	00010003,00010027,00010033,1039,2029
tb-18068925564	00010022,1033,1052,2008,2054
tb-18970826697	00010002,00010016,1063,1070,2025
tb-20022315130	00010027,1043,1059,2038
tb-40162187650	1026,2005,2022
tb-24315844899	1017,1068,2036
tb-42528351698	00010003,1029
tb-40825021458	1057,2027
tb-24311356299	00010016,00010028,1063,1065,2055
tb-43520391109	00010002,00010015
tb-18066785190	00010026,2027,2032,2040,2044
tb-20024927302	00010020,00010028,1067,2024,2043
tb-44032556157	00010026,1007
tb-37407455923	1003,1018,1035
tb-24312036223	00010009,00010015,1062
tb-24318876062	1041,1048,1050,2025
tb-24312212947	00010003,1042,2001,2027
tb-42195860470	00010016,1036
tb-22592379195	1060,2007,2015,2032,2047
tb-18985389840	00010015,1036,2009,2027,2033
tb-40021391677	1006,1033,1055
tb-24318836087	1021,1058,2017
tb-18065569277	00010029,1051,1062,1067
tb-24319604259	00010013,00010028,1052,2032
tb-36319744147	00010022,1017,2016
tb-45174064681	1017,2052
tb-40146211453	00010023,1054
tb-20027095984	1021,1054,1064,2014,2045
tb-41687421917	1001,2008
tb-24311676466	00010012,00010018,00010026,1034
tb-27105844958	00010031,1032,2010,2029
tb-20024723648	00010013,1017,1036,1043,2016
tb-42589643349	2027,2052
tb-40209408907	00010014,2055
tb-18051082401	00010015,1051,2004,2019
tb-20024071130	1017,1021,2004,2048,2057
tb-24310608161	00010011,1020,2021,2023
tb-18068869129	1053,2003,2007,2019,2039
tb-42204545855	00010022,1049
tb-18065073822	00010002,00010018,1019,1039,2045
tb-42293329019	1029,2029
tb-42132871741	00010033,2007
tb-24314828482	00010003,00010026,1021,2056
tb-24315648524	1011,1042,1050,2051
tb-18067093470	00010005,1018,1041,2009,2023
tb-18066321598	1024,1030,2026,2047
tb-24311284147	1004,1016,1024,2008
tb-18052898131	00010001,00010004,1034,1053,2008
tb-37428976045	1033,2043
tb-20024203052	00010005,00010013,00010023,1052,2022
tb-42130111092	1056,2021
tb-18065617148	00010008,00010029,1016,1059,2025